20180103091602_35_C.jpg43431	43431	20180103091602_35_C.jpg	836	225	948	367	1
20180103091621_37_C.jpg43524	43524	20180103091621_37_C.jpg	796	276	882	424	1
20180103091644_39_C.jpg43544	43544	20180103091644_39_C.jpg	336	389	480	499	1
20180103091714_41_C.jpg42877	42877	20180103091714_41_C.jpg	671	256	804	379	1
20180103091734_43_C.jpg43252	43252	20180103091734_43_C.jpg	379	218	472	366	1
20180103091807_45_C.jpg43651	43651	20180103091807_45_C.jpg	878	526	1028	610	1
20180103091825_47_C.jpg43610	43610	20180103091825_47_C.jpg	869	382	988	519	1
20180103091847_49_C.jpg43737	43737	20180103091847_49_C.jpg	487	740	597	883	1
20180103091935_51_C.jpg43569	43569	20180103091935_51_C.jpg	653	727	778	851	1
20180103094336_113_C.jpg43003	43003	20180103094336_113_C.jpg	425	327	516	473	2
20180103094356_115_C.jpg43545	43545	20180103094356_115_C.jpg	683	69	775	216	2
20180103094417_117_C.jpg43711	43711	20180103094417_117_C.jpg	573	126	680	269	2
20180103094438_119_C.jpg42707	42707	20180103094438_119_C.jpg	619	487	767	579	2
20180103094450_121_C.jpg43164	43164	20180103094450_121_C.jpg	674	126	823	208	2
20180103094645_125_C.jpg43219	43219	20180103094645_125_C.jpg	769	383	915	478	2
20180103094657_127_C.jpg43684	43684	20180103094657_127_C.jpg	291	234	439	311	2
20180103094804_131_C.jpg43397	43397	20180103094804_131_C.jpg	618	292	754	411	2
20180103094853_133_C.jpg43394	43394	20180103094853_133_C.jpg	394	665	542	752	2
20180103101448_199_C.jpg43119	43119	20180103101448_199_C.jpg	859	443	980	592	3
20180103101530_201_C.jpg43555	43555	20180103101530_201_C.jpg	287	572	434	695	3
20180103101550_203_C.jpg43718	43718	20180103101550_203_C.jpg	569	120	672	273	3
20180103101606_205_C.jpg42609	42609	20180103101606_205_C.jpg	383	397	537	500	3
20180103101624_207_C.jpg43383	43383	20180103101624_207_C.jpg	364	128	513	241	3
20180103101641_209_C.jpg43540	43540	20180103101641_209_C.jpg	365	234	507	361	3
20180103101710_211_C.jpg43725	43725	20180103101710_211_C.jpg	316	200	438	345	3
20180103101725_213_C.jpg42987	42987	20180103101725_213_C.jpg	709	295	820	445	3
20180103101739_215_C.jpg43607	43607	20180103101739_215_C.jpg	484	111	590	267	3
20180103105652_287_C.jpg42971	42971	20180103105652_287_C.jpg	556	103	757	198	4
20180103105709_289_C.jpg43677	43677	20180103105709_289_C.jpg	789	258	988	364	4
20180103105732_291_C.jpg44088	44088	20180103105732_291_C.jpg	803	129	909	329	4
20180103105751_293_C.jpg43697	43697	20180103105751_293_C.jpg	805	365	1008	463	4
20180103105805_295_C.jpg42834	42834	20180103105805_295_C.jpg	540	254	651	453	4
20180103105817_297_C.jpg43440	43440	20180103105817_297_C.jpg	570	333	717	516	4
20180103110200_299_C.jpg43378	43378	20180103110200_299_C.jpg	801	382	893	584	4
20180103110317_301_C.jpg43792	43792	20180103110317_301_C.jpg	713	124	826	323	4
20180103110330_303_C.jpg43284	43284	20180103110330_303_C.jpg	639	107	842	203	4
20180103111928_369_C.jpg45115	45115	20180103111928_369_C.jpg	625	397	850	595	5
20180103112023_371_C.jpg45463	45463	20180103112023_371_C.jpg	662	70	905	245	5
20180103112056_373_C.jpg44833	44833	20180103112056_373_C.jpg	333	322	530	546	5
20180103112107_375_C.jpg44991	44991	20180103112107_375_C.jpg	449	302	649	523	5
20180103112119_377_C.jpg44939	44939	20180103112119_377_C.jpg	366	259	621	416	5
20180103112142_379_C.jpg44959	44959	20180103112142_379_C.jpg	517	314	686	559	5
20180103112155_381_C.jpg45166	45166	20180103112155_381_C.jpg	509	182	749	362	5
20180103112206_383_C.jpg45583	45583	20180103112206_383_C.jpg	518	110	695	351	5
20180103112233_385_C.jpg45635	45635	20180103112233_385_C.jpg	281	203	440	458	5
20180103113727_449_C.jpg45085	45085	20180103113727_449_C.jpg	620	193	760	416	6
20180103113759_451_C.jpg45278	45278	20180103113759_451_C.jpg	702	89	857	310	6
20180103113812_453_C.jpg45186	45186	20180103113812_453_C.jpg	743	197	949	364	6
20180103113855_455_C.jpg45327	45327	20180103113855_455_C.jpg	874	255	1027	473	6
20180103113914_457_C.jpg44316	44316	20180103113914_457_C.jpg	299	575	509	739	6
20180103113925_459_C.jpg44198	44198	20180103113925_459_C.jpg	643	189	866	333	6
20180103113956_461_C.jpg45094	45094	20180103113956_461_C.jpg	396	79	610	239	6
20180103114015_463_C.jpg44686	44686	20180103114015_463_C.jpg	477	364	628	586	6
20180103114035_465_C.jpg44988	44988	20180103114035_465_C.jpg	292	279	517	421	6
20180103115429_529_C.jpg44439	44439	20180103115429_529_C.jpg	472	116	661	311	7
20180103115452_531_C.jpg44120	44120	20180103115452_531_C.jpg	727	181	878	407	7
20180103115512_533_C.jpg44212	44212	20180103115512_533_C.jpg	338	219	485	450	7
20180103115551_535_C.jpg44549	44549	20180103115551_535_C.jpg	607	55	750	285	7
20180103115641_537_C.jpg44379	44379	20180103115641_537_C.jpg	678	137	884	315	7
20180103115701_539_C.jpg45231	45231	20180103115701_539_C.jpg	550	55	781	194	7
20180103115726_541_C.jpg45498	45498	20180103115726_541_C.jpg	570	60	776	234	7
20180103130419_543_C.jpg45266	45266	20180103130419_543_C.jpg	734	649	893	868	7
20180103130437_545_C.jpg45536	45536	20180103130437_545_C.jpg	861	490	1060	675	7
20180103132218_609_C.jpg44632	44632	20180103132218_609_C.jpg	798	133	991	323	8
20180103132241_611_C.jpg44375	44375	20180103132241_611_C.jpg	369	376	536	592	8
20180103132259_613_C.jpg45266	45266	20180103132259_613_C.jpg	470	71	694	226	8
20180103132400_615_C.jpg45251	45251	20180103132400_615_C.jpg	712	152	900	350	8
20180103132414_617_C.jpg45227	45227	20180103132414_617_C.jpg	694	166	919	314	8
20180103132430_619_C.jpg45202	45202	20180103132430_619_C.jpg	741	230	953	399	8
20180103132453_621_C.jpg45515	45515	20180103132453_621_C.jpg	586	51	734	277	8
20180103132610_625_C.jpg45625	45625	20180103132610_625_C.jpg	805	199	995	396	8
20180103132628_627_C.jpg44057	44057	20180103132628_627_C.jpg	612	468	826	634	8
20180103134457_697_C.jpg44989	44989	20180103134457_697_C.jpg	245	324	440	473	9
20180103134526_699_C.jpg44585	44585	20180103134526_699_C.jpg	281	290	495	396	9
20180103134549_701_C.jpg45082	45082	20180103134549_701_C.jpg	390	184	590	327	9
20180103134612_703_C.jpg44806	44806	20180103134612_703_C.jpg	768	356	946	528	9
20180103134626_705_C.jpg45311	45311	20180103134626_705_C.jpg	361	75	555	230	9
20180103134645_707_C.jpg44257	44257	20180103134645_707_C.jpg	610	55	823	162	9
20180103134730_709_C.jpg44459	44459	20180103134730_709_C.jpg	489	535	675	698	9
20180103134743_711_C.jpg44571	44571	20180103134743_711_C.jpg	531	61	746	148	9
20180103134803_713_C.jpg44872	44872	20180103134803_713_C.jpg	646	676	735	891	9
